,y_original,LSTM Prediction,Dense Prediction,RF Prediction,SVR Prediction
0,6.4196,7.3542476,6.2169485,6.161718644181714,6.618685498769577
1,9.3684,8.295748,6.912912,7.265393156672548,7.205989635536244
2,6.4308,10.280981,7.8528733,7.640949561565147,8.899653923689717
3,9.522,9.282722,7.372508,7.228960820327327,7.193406007614369
4,8.1179,9.35212,7.8160543,7.511729140391965,8.127663651432057
5,9.6075,7.564257,7.356864,7.588391611993993,7.4704664548311985
6,7.0034,8.799543,7.6128664,7.4544796084973886,8.105344050778237
7,7.086,7.056478,6.967015,6.841372096042888,7.3217617750634325
8,6.043,7.3750176,6.7903805,7.473382982062154,7.496938375375848
9,7.5571,6.502673,6.3605933,6.134546806455207,6.275458255916509
10,6.4244,6.1122365,6.745556,6.2045007151705525,6.16065535137975
11,7.0601,7.5437956,7.065386,6.757760606614566,6.976421988592633
12,7.0386,6.520398,6.973162,6.30592506589519,6.652264345553674
13,5.6631,6.5074315,6.798774,6.542797904908804,6.406488385230237
14,6.3507,6.254674,6.2992477,6.194741701092221,5.91997993232485
15,6.8851,6.1372547,6.3963366,6.134546806455207,5.964030499819417
16,5.3044,7.0009875,6.8312263,6.2045007151705525,6.473150455500247
17,4.0573,5.831987,6.1378446,6.082049140941829,6.154934971239509
18,4.7641,4.805788,5.348653,5.804562289658679,5.163013321127369
19,4.6741,5.1287785,5.246994,5.577899807383759,5.332071593281775
20,3.6747,5.6227746,5.2461,6.149528750144702,5.5594743044633095
21,2.7557,5.08918,4.0230346,5.703790495838526,4.867504020082064
22,4.0878,4.536864,2.6902616,6.047050495838527,4.65936471113773
23,6.0046,4.095561,4.2232995,4.645311059823228,5.599968368601673
24,9.3135,7.1899233,6.527137,7.309953113013699,7.635234573992179
25,5.6802,8.05204,7.459584,6.531280365384616,8.351930929973237
26,8.4946,7.5090885,6.5081997,7.942175492006525,7.302768019464731
27,9.1674,8.62185,8.390836,7.4487612628664674,7.571346440770506
28,8.2699,8.336732,8.008767,8.62332070561018,7.794318298384773
29,8.7124,8.261064,7.5888343,8.040984281689063,7.344206278561026
30,9.0416,8.46669,7.546558,7.44599938900289,7.884003906847567
31,7.7337,7.46516,7.124511,7.525006932235269,7.520474727424074
32,7.0369,7.6094646,6.9226747,8.448786502890433,8.278938484980726
33,8.0852,5.9082184,6.831664,6.898262145076105,6.531241301459454
34,7.4351,6.9334993,7.8014536,7.185169214044343,7.370504472255329
35,5.7327,6.9900866,6.956433,6.817628634392344,7.186182336818173
36,6.1769,6.40533,6.0318556,6.775932020181092,6.884614575785002
37,4.8393,5.6785398,6.06063,6.084758619320704,5.991910726551519
38,5.616,5.839541,6.1241946,6.3247483833054154,6.372311032302671
39,8.1079,5.386132,5.291639,5.485193185527923,5.163480940563198
40,6.9155,8.349047,6.9931345,7.664302406672549,7.561753263257248
41,5.9099,6.026526,6.7853785,6.178187857182539,6.41244482582666
42,4.3142,5.2741456,6.0179687,6.059138493794776,6.158211794367367
43,3.9829,4.566268,4.526837,4.788529430418319,4.775346193802799
44,5.3841,4.5753074,4.6102033,4.823987502633686,4.978943644108392
45,5.0123,4.1390915,4.901511,4.49155553204545,5.018383901322702
46,5.5717,4.509232,5.3543572,4.422071228145102,5.3298712861018664
47,4.6267,7.305776,6.700216,6.268063415763554,6.642139351041039
48,6.1602,6.333928,6.248784,6.003720008771441,6.323051405496552
49,9.3249,7.887408,6.8199296,6.694080895076104,6.492968486046204
50,5.6447,11.169844,8.619413,9.530927245254745,9.213539186374055
51,5.2148,6.293897,7.088749,7.0944915941368505,6.913107440148899
52,3.8606,6.9094005,6.672106,7.321327880933387,7.4979094337297605
53,6.3134,8.828171,6.5319505,8.557732408398198,7.5104282421214
54,6.2158,8.165604,6.9733214,7.2203193914809045,6.8701398033468815
55,5.7302,7.0445967,6.7391667,7.2224992875309875,7.074615285249271
56,5.0674,6.2318344,6.027,6.463189703029025,6.0011086676000875
57,5.7573,5.0479717,5.6488657,6.043702713702412,5.2768213907657255
58,5.4336,5.2131176,5.705182,5.804562289658679,5.215771190256014
59,7.273,5.2194104,5.703727,5.436779576362492,5.174291225704341
60,6.3205,6.9856014,6.3272038,6.122482028319193,6.3875401315493345
61,7.0182,6.2442894,6.6506333,6.398319735875519,6.3557353027618175
62,4.3034,6.564953,6.5814943,6.2045007151705525,6.288433287823794
63,6.7193,4.9727025,5.078171,5.116620119307208,5.126446066510333
64,5.3595,6.247042,5.740913,6.283555149023219,5.795241612637044
65,3.869,5.245583,5.6683397,5.581249370509608,5.654099761028505
66,4.5553,4.600069,4.575579,4.868441448733337,4.993067865159342
67,5.1435,4.755003,5.3060803,5.53132950772046,5.631791940617542
68,3.0246,4.9960766,5.831249,6.149528750144702,6.0714375428323075
69,3.6815,4.3637266,4.7241206,4.83425867095556,4.827711584187712
70,3.5103,4.11977,4.541116,6.611826384727416,4.673804836473313
71,4.0725,4.063347,4.345211,4.577104643156561,4.312330732400558
72,4.5157,3.9481535,4.212798,4.531086453614078,4.672489643389088
73,7.4573,5.24787,5.74359,5.869390112151871,6.49796049295443
74,7.607,7.4084024,7.4346967,7.020835317368985,6.5536114171523705
75,9.8889,9.0011015,7.3360777,7.008026245939379,7.820087116305645
76,10.8408,8.542176,7.566717,7.490931999981006,7.578929107843537
77,7.8198,8.718088,7.758048,7.904193951555103,8.192854529736799
78,6.5702,7.2178206,7.1868677,7.397798211827225,7.3489410919391425
79,5.2097,6.929735,6.331433,6.900181890696263,7.049633936734076
80,4.3496,5.711659,5.5247927,5.69964916082085,5.215156260301718
81,3.2326,4.1049395,4.5557942,4.779253508849692,4.207629024821718
82,4.5518,3.9082189,4.0366645,4.567898728145102,3.8983343634885457
83,6.1103,4.0847654,4.692788,4.854926198733337,4.941849784571936
84,6.4585,6.3471165,5.711083,5.387901014512191,6.642877193187076
85,5.8083,6.1191893,5.921677,5.701699893481137,6.139072740663908
86,4.0234,6.454314,5.8902564,5.877851921258914,5.9017124558357965
87,5.1312,4.4032955,4.824333,4.849606809844449,4.582304636312697
88,4.6518,4.740961,4.8108706,4.73383567095556,5.192982231928582
89,4.738,5.1889067,5.3296514,5.277103345382797,6.116396623816044
90,3.518,5.0931444,5.2009783,5.53132950772046,5.948039203465106
91,3.4435,4.8261776,4.755973,5.645125495838527,5.037933045700005
92,3.8173,4.4109817,3.6254265,4.577104643156561,3.913151266596009
93,3.8752,3.9713051,4.752813,4.531086453614078,5.3918306994347525
94,5.2448,3.6833942,4.4630537,4.846835487404361,5.331945194757201
95,5.0209,4.735899,4.4838376,5.0489366034952425,4.955644072889168
96,6.888,5.129234,5.458433,5.598413009398496,6.107226702664707
97,6.8803,7.1519327,6.420916,6.43871401638252,6.721270186625929
98,4.9485,6.5140204,6.4912415,6.178187857182539,6.841066592694078
99,6.2492,5.881479,6.198343,6.110486703137139,6.414664180483468
100,7.6928,7.697427,7.08741,6.579784714786086,6.917649503460411
101,6.7686,8.584398,7.399384,7.294116542872326,7.759943513573978
102,7.3884,7.239417,7.2823586,7.175539886578944,7.460119557408053
103,5.7903,6.7657876,6.699631,6.988571458087706,7.0322847055694035
104,6.2074,6.272974,5.8720527,6.0732599719090405,5.381510979197969
105,5.3077,5.3199124,6.163502,6.067169607538058,5.6633044878164265
106,5.1053,4.7853065,5.845533,5.8010735115454874,5.371961380215513
107,4.3961,4.441252,4.867722,4.610278244018118,4.467927686213201
108,4.7341,4.1706486,4.602229,4.621994228145102,4.159148021969975
109,5.2634,4.16785,5.008339,4.854926198733337,5.141684169435802
110,5.1164,4.6395535,5.5774574,4.854926198733337,5.69778450614332
111,7.0809,4.7627964,5.417076,5.511035329791311,5.56248027389415
112,6.3965,6.487193,6.1359715,6.222152971455699,6.083399339867479
113,4.2617,5.6051426,5.8710527,5.869390112151871,5.653989027485531
114,4.9121,4.492533,4.8604083,4.991090841301343,4.5827608708111836
115,5.0765,4.3553014,5.3220973,6.028768341076622,4.806463945680012
116,3.8863999999999996,4.8894253,4.736076,4.5472312003673245,5.714855722246041
117,4.6176,4.607643,4.0283027,5.747319384727415,4.9570001551736755
118,3.6488,3.8082814,4.5657654,6.090579384727416,5.8552435686247115
119,3.8523999999999994,3.7458212,4.708413,4.512223059823228,5.107654064565443
120,4.6224,4.1635666,4.563931,4.5472312003673245,5.234554523173688
121,7.1376,4.9177647,5.4286275,4.991302865400004,5.717400430963946
122,10.2756,8.193091,6.7889857,6.247614135518829,7.249998777426627
123,9.7015,8.470392,8.028822,7.001691757944734,7.157640730992521
124,10.5497,8.40937,7.858168,7.407562603595428,8.096854435732624
125,7.7856,7.7292604,7.338902,9.796882182539683,7.4980688911899245
126,8.9194,7.9874687,7.4023976,7.4613337748572315,8.09240585571181
127,4.3459,7.2600327,6.9949756,7.406204670160559,6.909412618105625
128,5.7998,6.500128,5.832512,6.62329915316882,6.04585289361433
129,5.3122,5.7518406,6.2417426,5.986674600535257,5.9434393601776625
130,7.152,5.8220882,6.4945426,6.168593958262695,5.946673552521075
131,5.7587,6.611355,6.6463604,6.3875377537641835,6.395744971112055
132,7.0654,6.1290126,6.3826094,6.275236708095023,6.044762914736812
133,7.0203,7.2189727,6.7091465,6.761728622487582,6.835299164085092
134,6.5642,6.3681383,6.626449,6.547433740550297,6.602639180404645
135,6.7014,5.3107276,6.421554,6.086807698739845,6.012274433393299
136,6.5215,6.38242,6.749038,6.5972219276848,6.26629248774139
137,5.5197,5.662752,6.4126706,6.0168537900245,6.082721758107396
138,5.262,5.293143,5.6976395,4.937180430418319,5.723282372648444
139,5.8574,5.2806263,5.5241885,5.796379565496094,5.537985215061395
140,4.8317,5.8915906,5.792503,6.309638200284497,5.822428321437413
141,5.1976,5.2907705,5.2811184,5.4319017544737065,5.419410467749465
142,4.5552,4.4878345,5.037396,4.823987502633686,4.843322535442713
143,4.9205,3.9502525,4.9277844,4.476726228145102,4.44959370700857
